C[0][0]:10.800000, C[0][1]:10.600000, C[0][2]:10.400000, C[0][3]:10.200000, 
C[1][0]:19.800000, C[1][1]:20.000000, C[1][2]:20.200000, C[1][3]:20.400000, 
C[2][0]:38.000000, C[2][1]:37.800000, C[2][2]:37.600000, C[2][3]:37.400000, 
C[3][0]:47.000000, C[3][1]:47.200000, C[3][2]:47.400000, C[3][3]:47.600000, 
