初期値:
x[0] = 0.000000
x[1] = 0.000000
x[2] = 0.000000
x[3] = 0.000000
x[4] = 0.000000
収束後の解:
x[0] = 2.000000
x[1] = 1.000000
x[2] = 5.000000
x[3] = 3.000000
x[4] = 4.000000
反復回数: 4
